TIME	VP	VN
0	0.9	0
100	0.899210691	0
200	0.896845881	0
300	0.8929149	0
400	0.887433264	0
500	0.880422607	0
600	0.871910594	0
700	0.861930821	0
800	0.850522672	0
900	0.83773117	0
1000	0.823606798	0
1100	0.808205297	0
1200	0.791587451	0
1300	0.773818842	0
1400	0.754969596	0
1500	0.735114101	0
1600	0.714330718	0
1700	0.69270147	0
1800	0.670311717	0
1900	0.647249821	0
2000	0.623606798	0
2100	0.599475955	0
2200	0.574952526	0
2300	0.550133293	0
2400	0.525116208	0
2500	0.5	0
2600	0.474883792	0
2700	0.449866707	0
2800	0.425047474	0
2900	0.400524045	0
3000	0.376393202	0
3100	0.352750179	0
3200	0.329688283	0
3300	0.30729853	0
3400	0.285669282	0
3500	0.264885899	0
3600	0.245030404	0
3700	0.226181158	0
3800	0.208412549	0
3900	0.191794703	0
4000	0.176393202	0
4100	0.16226883	0
4200	0.149477328	0
4300	0.138069179	0
4400	0.128089406	0
4500	0.119577393	0
4600	0.112566736	0
4700	0.1070851	0
4800	0.103154119	0
4900	0.100789309	0
5000	0.1	0
5100	0.100789309	0
5200	0.103154119	0
5300	0.1070851	0
5400	0.112566736	0
5500	0.119577393	0
5600	0.128089406	0
5700	0.138069179	0
5800	0.149477328	0
5900	0.16226883	0
6000	0.176393202	0
6100	0.191794703	0
6200	0.208412549	0
6300	0.226181158	0
6400	0.245030404	0
6500	0.264885899	0
6600	0.285669282	0
6700	0.30729853	0
6800	0.329688283	0
6900	0.352750179	0
7000	0.376393202	0
7100	0.400524045	0
7200	0.425047474	0
7300	0.449866707	0
7400	0.474883792	0
7500	0.5	0
7600	0.525116208	0
7700	0.550133293	0
7800	0.574952526	0
7900	0.599475955	0
8000	0.623606798	0
8100	0.647249821	0
8200	0.670311717	0
8300	0.69270147	0
8400	0.714330718	0
8500	0.735114101	0
8600	0.754969596	0
8700	0.773818842	0
8800	0.791587451	0
8900	0.808205297	0
9000	0.823606798	0
9100	0.83773117	0
9200	0.850522672	0
9300	0.861930821	0
9400	0.871910594	0
9500	0.880422607	0
9600	0.887433264	0
9700	0.8929149	0
9800	0.896845881	0
9900	0.899210691	0
10000	0.9	0
10100	0.899210691	0
10200	0.896845881	0
10300	0.8929149	0
10400	0.887433264	0
10500	0.880422607	0
10600	0.871910594	0
10700	0.861930821	0
10800	0.850522672	0
10900	0.83773117	0
11000	0.823606798	0
11100	0.808205297	0
11200	0.791587451	0
11300	0.773818842	0
11400	0.754969596	0
11500	0.735114101	0
11600	0.714330718	0
11700	0.69270147	0
11800	0.670311717	0
11900	0.647249821	0
12000	0.623606798	0
12100	0.599475955	0
12200	0.574952526	0
12300	0.550133293	0
12400	0.525116208	0
12500	0.5	0
12600	0.474883792	0
12700	0.449866707	0
12800	0.425047474	0
12900	0.400524045	0
13000	0.376393202	0
13100	0.352750179	0
13200	0.329688283	0
13300	0.30729853	0
13400	0.285669282	0
13500	0.264885899	0
13600	0.245030404	0
13700	0.226181158	0
13800	0.208412549	0
13900	0.191794703	0
14000	0.176393202	0
14100	0.16226883	0
14200	0.149477328	0
14300	0.138069179	0
14400	0.128089406	0
14500	0.119577393	0
14600	0.112566736	0
14700	0.1070851	0
14800	0.103154119	0
14900	0.100789309	0
15000	0.1	0
15100	0.100789309	0
15200	0.103154119	0
15300	0.1070851	0
15400	0.112566736	0
15500	0.119577393	0
15600	0.128089406	0
15700	0.138069179	0
15800	0.149477328	0
15900	0.16226883	0
16000	0.176393202	0
16100	0.191794703	0
16200	0.208412549	0
16300	0.226181158	0
16400	0.245030404	0
16500	0.264885899	0
16600	0.285669282	0
16700	0.30729853	0
16800	0.329688283	0
16900	0.352750179	0
17000	0.376393202	0
17100	0.400524045	0
17200	0.425047474	0
17300	0.449866707	0
17400	0.474883792	0
17500	0.5	0
17600	0.525116208	0
17700	0.550133293	0
17800	0.574952526	0
17900	0.599475955	0
18000	0.623606798	0
18100	0.647249821	0
18200	0.670311717	0
18300	0.69270147	0
18400	0.714330718	0
18500	0.735114101	0
18600	0.754969596	0
18700	0.773818842	0
18800	0.791587451	0
18900	0.808205297	0
19000	0.823606798	0
19100	0.83773117	0
19200	0.850522672	0
19300	0.861930821	0
19400	0.871910594	0
19500	0.880422607	0
19600	0.887433264	0
19700	0.8929149	0
19800	0.896845881	0
19900	0.899210691	0
20000	0.9	0
20100	0.899210691	0
20200	0.896845881	0
20300	0.8929149	0
20400	0.887433264	0
20500	0.880422607	0
20600	0.871910594	0
20700	0.861930821	0
20800	0.850522672	0
20900	0.83773117	0
21000	0.823606798	0
21100	0.808205297	0
21200	0.791587451	0
21300	0.773818842	0
21400	0.754969596	0
21500	0.735114101	0
21600	0.714330718	0
21700	0.69270147	0
21800	0.670311717	0
21900	0.647249821	0
22000	0.623606798	0
22100	0.599475955	0
22200	0.574952526	0
22300	0.550133293	0
22400	0.525116208	0
22500	0.5	0
22600	0.474883792	0
22700	0.449866707	0
22800	0.425047474	0
22900	0.400524045	0
23000	0.376393202	0
23100	0.352750179	0
23200	0.329688283	0
23300	0.30729853	0
23400	0.285669282	0
23500	0.264885899	0
23600	0.245030404	0
23700	0.226181158	0
23800	0.208412549	0
23900	0.191794703	0
24000	0.176393202	0
24100	0.16226883	0
24200	0.149477328	0
24300	0.138069179	0
24400	0.128089406	0
24500	0.119577393	0
24600	0.112566736	0
24700	0.1070851	0
24800	0.103154119	0
24900	0.100789309	0
25000	0.1	0
25100	0.100789309	0
25200	0.103154119	0
25300	0.1070851	0
25400	0.112566736	0
25500	0.119577393	0
25600	0.128089406	0
25700	0.138069179	0
25800	0.149477328	0
25900	0.16226883	0
26000	0.176393202	0
26100	0.191794703	0
26200	0.208412549	0
26300	0.226181158	0
26400	0.245030404	0
26500	0.264885899	0
26600	0.285669282	0
26700	0.30729853	0
26800	0.329688283	0
26900	0.352750179	0
27000	0.376393202	0
27100	0.400524045	0
27200	0.425047474	0
27300	0.449866707	0
27400	0.474883792	0
27500	0.5	0
27600	0.525116208	0
27700	0.550133293	0
27800	0.574952526	0
27900	0.599475955	0
28000	0.623606798	0
28100	0.647249821	0
28200	0.670311717	0
28300	0.69270147	0
28400	0.714330718	0
28500	0.735114101	0
28600	0.754969596	0
28700	0.773818842	0
28800	0.791587451	0
28900	0.808205297	0
29000	0.823606798	0
29100	0.83773117	0
29200	0.850522672	0
29300	0.861930821	0
29400	0.871910594	0
29500	0.880422607	0
29600	0.887433264	0
29700	0.8929149	0
29800	0.896845881	0
29900	0.899210691	0
30000	0.9	0
30100	0.899210691	0
30200	0.896845881	0
30300	0.8929149	0
30400	0.887433264	0
30500	0.880422607	0
30600	0.871910594	0
30700	0.861930821	0
30800	0.850522672	0
30900	0.83773117	0
31000	0.823606798	0
31100	0.808205297	0
31200	0.791587451	0
31300	0.773818842	0
31400	0.754969596	0
31500	0.735114101	0
31600	0.714330718	0
31700	0.69270147	0
31800	0.670311717	0
31900	0.647249821	0
32000	0.623606798	0
32100	0.599475955	0
32200	0.574952526	0
32300	0.550133293	0
32400	0.525116208	0
32500	0.5	0
32600	0.474883792	0
32700	0.449866707	0
32800	0.425047474	0
32900	0.400524045	0
33000	0.376393202	0
33100	0.352750179	0
33200	0.329688283	0
33300	0.30729853	0
33400	0.285669282	0
33500	0.264885899	0
33600	0.245030404	0
33700	0.226181158	0
33800	0.208412549	0
33900	0.191794703	0
34000	0.176393202	0
34100	0.16226883	0
34200	0.149477328	0
34300	0.138069179	0
34400	0.128089406	0
34500	0.119577393	0
34600	0.112566736	0
34700	0.1070851	0
34800	0.103154119	0
34900	0.100789309	0
35000	0.1	0
35100	0.100789309	0
35200	0.103154119	0
35300	0.1070851	0
35400	0.112566736	0
35500	0.119577393	0
35600	0.128089406	0
35700	0.138069179	0
35800	0.149477328	0
35900	0.16226883	0
36000	0.176393202	0
36100	0.191794703	0
36200	0.208412549	0
36300	0.226181158	0
36400	0.245030404	0
36500	0.264885899	0
36600	0.285669282	0
36700	0.30729853	0
36800	0.329688283	0
36900	0.352750179	0
37000	0.376393202	0
37100	0.400524045	0
37200	0.425047474	0
37300	0.449866707	0
37400	0.474883792	0
37500	0.5	0
37600	0.525116208	0
37700	0.550133293	0
37800	0.574952526	0
37900	0.599475955	0
38000	0.623606798	0
38100	0.647249821	0
38200	0.670311717	0
38300	0.69270147	0
38400	0.714330718	0
38500	0.735114101	0
38600	0.754969596	0
38700	0.773818842	0
38800	0.791587451	0
38900	0.808205297	0
